m = 0.0001562831858993139
c = 8.20176990330768e-05
ChiSqu = 0.375708944485539

[[ 1.81846657e-11 -2.45492986e-11]
 [-2.45492986e-11  3.82787211e-11]]