m = 0.000156283185899
c = 8.20176990331e-05
ChiSqu = 0.375708944486

[[  1.81846657e-11  -2.45492986e-11]
 [ -2.45492986e-11   3.82787211e-11]]